113283
87624
101088
89042
48983
15999
113127
97282
112686
83852
103280
101131
93660
96838
94784
94222
86934
91993
92318
76658
57989
52875
35827
55163
54051
24176
32155
47209
46856
19741
19472
41802
14584
41750
17033
8300
15293
29727
23437
28270
13619
10725
108100
113617
109870
112930
100032
111216
111844
111584
111302
111198
102123
70409
70622
81778
84321
78331
109008
70162
108574
101469
85662
107823
74570
97116
102835
101991
95802
103010
102804
102742
98816
87742
86291
92059
96351
86671
67343
75491
93217
71764
99572
95880
100840
92866
69715
100740
93952
94073
86357
95953
83354
84422
70489
68855
92628
71918
93063
89351
%98101
76166
89695
96729
92178
93987
92625
97684
96466
97541
96360
94944
92874
66795
95598
76238
92522
95087
68803
68354
94297
91377
90477
94759
87497
72928
94130
89195
66372
88724
85666
93644
93462
93205
89132
91745
90857
75339
76972
92013
91177
83216
90027
67027
81732
64204
63796
63754
85051
65200
65118
64114
64364
78904
72673
62658
58136
58538
71476
69891
56558
53405
66337
67872
50235
48632
63456
55513
46429
45711
63062
61835
45092
44961
13428
63212
53092
53633
60953
45939
52096
61636
54761
42680
64914
42168
55586
44730
62729
62283
34165
57654
49697
58364
42987
38821
26496
60371
58443
36571
49119
36678
56319
55099
36476
31105
26333
51669
35795
20864
34531
24584
34521
49320
56494
43284
28638
49929
44769
35836
51618
46757
52288
50382
30693
33811
25680
48846
27424
27251
28195
23227
28619
25373
26113
34454
32403
46009
51644
51233
48444
43664
24521
50352
45464
22405
20629
46850
46849
19046
31931
18240
44849
18032
42167
17028
16055
15164
13419
13255
12586
19759
34328
37418
34928
37542
37341
33101
34991
34888
9108
30930
17206
28318
7873
26083
24310
14057
19781
7304
14007
9857
11273
4556
3980
11244
4246
3361
3038
10884
9916
9038
6577
5215
3821
1113
3243
2699
2379
2239
113829
105436
100066
113216
111191
91780
113317
113277
105277
111241
71875
113048
112993
101734
66688
112770
112823
112813
112774
112651
112621
98880
112443
77874
112393
82764
112247
98817
71698
81941
69054
98859
33053
70068
111810
111840
111720
111588
68514
78544
69285
68960
70710
103764
56706
71365
111303
81763
111079
110982
97539
111289
58734
110913
74768
110025
90125
100193
70884
83309
110341
95950
107830
98018
105176
98832
107273
96626
87053
104894
68369
80830
88873
107047
103800
86913
103255
103352
101823
66717
102370
89173
87500
83142
102075
82964
67516
101986
85673
83238
81810
101895
76433
74736
74478
81399
96384
80451
79132
76532
75699
70992
95593
100106
101026
95148
97670
100952
89644
100894
92249
99980
97817
98835
95056
72501
99251
92647
100507
93439
67023
66299
95785
98522
96450
68179
94150
83203
73627
70770
96712
98534
87035
91065
87427
95751
97819
97837
69429
67875
66827
94062
62415
67450
68928
92341
89581
92082
93034
90990
94675
93806
94200
66125
68052
68314
76047
68695
29330
91279
93274
87055
88995
79035
90792
89544
81915
56251
88849
64720
81008
64474
57349
84907
65440
65332
69926
82103
60705
73305
56554
56220
55726
61453
61127
60420
62143
61345
60209
58682
54223
56870
57445
57875
57427
67567
57929
61718
67519
58025
57819
57909
41189
57690
73726
56845
57400
55332
55384
55209
56236
54760
55378
72873
63333
46344
54318
45377
45085
54295
53877
54907
69182
53916
53696
53595
53933
74623
53398
53536
53258
53030
44758
50185
16739
44688
52893
48462
44398
52759
49481
55762
52366
64283
42842
42478
42276
50920
51940
61413
57476
51577
50504
49968
49949
70509
40093
39629
49047
37505
37556
38090
49363
37874
49091
49008
47721
47241
37028
46934
16695
47306
39335
66061
54769
33651
67144
45885
25029
33473
65084
60201
42038
37208
61600
44888
61175
60718
25089
24624
24477
56814
56677
56442
44155
55620
54378
53304
23223
52224
47303
51558
20664
51198
43230
54939
20191
54132
36484
63924
18213
42395
42363
41327
42453
18010
37697
35234
36410
35676
39271
39385
34098
55751
63513
34789
35373
58103
23265
30811
31537
21649
30370
55882
31194
29610
38917
49643
30164
28385
33661
56818
28596
40662
27808
26512
35761
43956
41977
19429
21935
38867
37693
25085
37725
28957
40766
51531
60827
50686
42609
34533
56322
36391
11402
23330
24315
34709
48191
25118
37410
25880
10851
35962
21957
22765
31291
58905
35784
32042
31957
30890
32677
29601
29050
29286
59794
38639
35430
30332
34644
41766
34960
27397
34663
34579
26812
24853
58608
58599
58006
33376
23052
22939
21623
33637
56613
25547
50453
29945
54577
35409
31388
31869
52494
50990
42705
30054
27648
28021
14529
52862
53383
46599
28865
46852
29766
45074
45597
42346
24543
23274
48728
21809
33308
48103
20591
20478
19983
20221
19732
19783
19501
19543
18895
29556
43030
13929
26971
12911
43997
18852
29110
18149
14892
41360
20631
14405
14052
14008
13850
17826
16337
15216
29453
13280
16664
15225
35510
13246
15326
14393
40167
14603
17685
38978
13713
14146
13360
13239
13065
13954
12839
12148
10105
24957
38550
27815
16686
38231
34933
37521
10768
35449
29389
10454
10326
9557
9711
9216
9231
8201
29873
30458
30114
7958
28315
27470
16727
24650
24204
18342
8877
22992
7417
7268
21215
12676
20755
7156
14381
19390
18460
18192
16620
17205
7079
10676
15179
15509
6838
14638
13665
13984
8742
6620
6452
6426
6248
8485
6208
12627
12578
8368
5510
5144
5101
11707
11465
4086
3707
3071
11335
11242
11236
11214
2719
7047
5120
9552
96622
94006
95550
11645
11227
97888
104562
113616
105021
106830
60409
41819
113428
81434
113512
99673
87248
74960
106987
82357
101202
74450
95560
107587
103350
99512
84409
101659
93615
93722
93668
96206
100265
80486
113264
113303
111335
76297
27053
50514
113209
113186
103283
107132
74101
100053
103839
103029
88168
72083
112990
112947
103016
71791
112896
16877
112927
105095
88169
91049
110060
112816
112802
112270
112753
64349
112055
82585
55433
63486
112687
112527
12260
28659
112337
54202
66805
24995
78921
97519
112268
112250
33296
90004
19887
89113
19596
22953
69483
20444
90980
111975
65450
68326
71388
86320
12735
107208
109291
111386
54031
61082
67319
41437
21078
83809
111725
24127
110814
53323
24301
111445
69771
87811
69678
77263
103602
111390
69740
95486
108610
93730
62144
65505
65948
26797
67324
73429
62128
85566
107179
110366
46904
95985
110340
110581
89949
110335
110154
107645
80782
64712
66556
106471
81648
109569
73594
109211
109463
77175
108361
109158
109191
67999
76656
83323
70529
108829
108684
107386
108153
108020
92123
79360
11449
102133
103824
43574
75306
67683
84945
88323
90589
99616
87863
83307
83305
82694
100405
100512
91156
100744
77155
96091
68307
34425
98695
16396
98908
100453
93800
67089
94859
97453
98247
77941
75135
96910
91229
97876
69368
95385
97643
97767
66166
47841
94167
94747
76852
83926
84611
39965
83873
47321
92750
40130
86985
89536
92835
78469
92015
67772
75961
31784
89297
66684
87180
65579
82094
81544
76749
27214
31520
45664
76169
64766
64538
51568
74529
76703
78651
78918
60743
74413
77186
74746
35329
53177
55020
46542
45723
29536
62585
61159
53382
16008
67594
64322
56366
58559
60755
57888
54266
56041
69656
62717
80200
70174
50044
58644
63458
52583
69526
63923
79361
66858
45592
69103
58902
54950
45571
45285
54572
75517
46160
45970
53931
53446
74609
19975
20081
52710
70126
44738
13420
13873
44367
43930
43769
52419
43531
28966
43205
42872
42723
42682
42677
72906
72845
42335
42334
42042
41824
41448
67246
63980
51261
51254
54098
55698
55599
57513
52017
54252
51427
53651
40404
50414
70740
49931
10736
39688
39558
53850
39448
39431
21301
23418
37724
38975
38926
37380
37823
66560
11445
50537
20612
31320
56214
57313
24964
36158
52367
37196
35888
35794
52016
35669
52655
35064
35025
34993
67707
34988
34924
34330
34259
34247
39405
64001
33884
33846
33725
33343
33281
32830
21099
32039
31412
31169
30796
30567
30223
29983
29852
32591
27651
45196
29435
29206
45247
56403
28314
27224
25386
65411
23446
22733
22064
66068
47936
21913
11624
48056
48560
43233
19992
58012
35338
41854
33772
41767
42404
16613
35691
41639
23909
55077
42107
64293
34324
34283
57755
41224
62874
11367
15148
21552
48766
12113
25603
45176
60835
47726
37323
21174
15113
36622
63300
30599
27147
29637
62402
13483
13342
46453
31992
30085
29996
10764
30011
22454
48762
26997
35018
40995
24470
13138
36534
24975
52047
27379
28732
29008
29149
51165
29461
12879
24369
24264
11294
22728
17100
35637
10660
26900
38468
24496
16471
31133
27774
25235
10362
42032
47123
39461
55710
33646
33316
22263
45804
22148
20107
47142
24930
25805
50031
40743
21423
21169
34583
24685
11453
22884
22844
21224
20668
22466
18654
19228
33739
18919
22026
38991
45153
15848
39994
34420
11105
10187
10108
10031
9940
9932
9923
9786
9725
9666
9569
9548
9536
9512
9502
9392
9298
15291
13266
13178
13120
8423
17605
17386
15467
14979
24518
19569
14589
13845
13127
11802
13227
12763
12840
12086
13411
12272
12275
27264
28387
11804
11794
17510
30944
30402
12239
37376
27600
12374
8411
11604
21851
11374
37444
10722
36930
26820
36763
10531
12643
10321
8390
8255
29990
9372
34742
34200
8237
8697
15141
32505
32225
31239
31389
13013
30917
31074
8075
20227
7997
29831
30078
29606
25698
18620
8130
29281
10283
21484
18753
15183
29219
29141
16519
13604
20973
28664
26779
28002
14080
27672
27623
21881
26560
7844
7795
7769
25477
25331
25164
7612
7588
7485
7495
23989
23746
9833
15491
12264
11524
9132
7466
22671
7568
7557
7551
22297
22265
14319
20971
21997
7368
7250
19116
9993
21245
7200
12130
20150
19626
19542
19341
19218
18652
18395
18205
18162
17992
7597
7660
7114
7153
7144
16094
15178
12238
6910
6900
6821
6799
6810
6696
6642
12784
12861
6544
6531
6476
9820
6727
12521
11900
6840
6310
7827
6071
5786
5742
5570
5532
5415
5100
4866
4843
4793
4695
4678
4622
4532
3805
4294
4197
4188
4269
3169
3415
3125
3135
2928
2677
9623
5870
9497
2381
2416
9726
9641
9599
289
8869
8857
3797
8587
3001
157
8709
8532
8477
6870
100
86
8352
8357
7355
1638
7668
6118
4809
6825
1488
6723
6589
1220
1186
6093
5432
5426
3558
3002
1330
4141
4779
4672
5476
2313
81
3136
4994
4404
4016
4510
4956
5342
2651
4332
1070
1010
617
3827
3966
3992
4072
2823
3927
3660
976
839
3550
3102
1058
2903
3426
3047
827
747
2892
745
741
2867
932
2851
589
1045
645
2826
2326
2535
722
719
494
490
440
1004
1082
311
414
1830
1791
1790
1789
1788
1787
384
56060
55734
91908
90693
103792
37917
10692
11437
101794
82284
74633
51670
62755
11457
110623
86789
77130
11124
14318
30150
106713
10674
86917
74620
74141
88913
73208
84344
86627
104998
92758
95586
78492
79965
77127
83502
92342
90506
101084
113233
98848
113068
113174
113240
11426
113017
90531
36308
109271
63291
33849
100585
105106
113121
102290
111220
97955
98228
108696
66458
40635
40769
61249
43076
32218
93330
102519
86277
109500
95513
71502
69083
14706
32217
87463
112762
74389
112703
68692
88052
38612
29356
112353
32952
17355
71158
96001
30155
112017
100790
112289
108313
76049
112287
112265
112264
112220
11299
91002
111125
52468
66796
104634
60690
109607
50341
37224
96714
11014
108928
109890
65376
35640
109164
110694
15774
109552
110568
52552
32878
31960
25744
41755
28761
25777
104599
111717
70490
23415
57554
52620
66184
53499
89833
81299
39554
51732
34426
111609
24971
29303
47758
49066
19008
92642
45982
82101
42801
28935
36555
60551
110964
68335
111347
62328
21856
50056
104922
66150
69806
77814
110663
69310
89864
63113
42252
97568
110428
50626
71373
63886
110445
110282
80855
109701
94289
108691
108527
108426
108217
69777
107506
105798
107404
97254
10536
107101
21491
102749
103561
88633
81907
100255
100493
100526
100599
91322
99989
98941
29408
94135
98499
98459
76148
92325
10432
11022
69175
36056
95587
87203
94991
80412
92130
91608
68206
88971
91458
25096
88583
57891
88344
86816
86712
85087
75596
57348
84217
70327
83347
82360
24768
65016
49940
79189
55281
16851
53943
19157
28953
27829
73717
73143
73196
71518
70190
70822
16736
49937
10598
52350
43784
60867
21555
36613
67914
43601
53609
46131
56440
10918
67414
45255
23412
26649
63069
13770
56249
64765
29052
40641
55183
49441
13522
61806
52465
58531
58125
12606
12543
46254
40694
53153
29188
12523
39454
15843
25014
21148
43309
47901
45408
13904
10019
9868
9709
9659
9504
9432
9358
9352
9280
9248
9045
8921
8796
8645
8444
17570
17451
16978
16095
39223
14518
10742
26261
11832
27061
16199
19807
20989
11539
33001
10260
35892
35666
8137
35549
8227
8374
8284
8133
8542
8039
31602
7989
29412
29539
7884
9138
9124
14371
23877
12420
8126
28311
7871
7864
7771
25059
11143
24724
24726
24708
24722
7484
19099
21764
7519
22220
22021
21827
8607
15798
19175
18762
18716
16121
10586
6899
6856
14255
12984
13736
13482
6678
6632
6617
6427
6415
6691
6384
6283
6219
6261
6199
5887
5774
5740
10293
5599
11068
4770
4623
3791
3962
3675
3152
4419
4451
3005
2766
11307
2749
2672
2702
4090
9449
9687
10096
9134
3950
2707
5413
113797
58430
72279
11420
11813
11384
11326
11393
10824
52781
72341
96230
110615
107147
72120
72784
11332
11400
10940
105932
104354
10650
106356
93156
111022
108980
10983
109173
108158
78101
82384
85819
92147
11418
34662
113291
31587
18607
53936
93930
48783
110157
84524
111283
110116
108595
52360
112794
103184
84113
91472
112518
97289
25864
63403
75609
108794
94961
54902
45444
55622
34074
99286
87334
94986
112508
112652
112588
16225
29418
112497
42710
42739
31002
16622
86431
77044
96167
105606
70451
15305
11350
76920
93689
29066
43608
112332
14947
109267
102237
39720
112256
87923
67536
21446
63533
75790
16049
91636
19463
83019
63975
96023
61502
112019
47539
74594
65798
86319
111269
37878
111888
83624
91200
15052
19291
57555
13782
23774
24734
31409
111141
101400
27099
30498
26322
93464
93587
101711
24609
36611
53752
57384
29531
27139
30998
44353
105523
82603
13642
57225
65853
45133
91230
49699
111404
24081
101363
73900
44161
66119
70963
79239
66408
43480
57159
75717
57407
72351
41550
14777
44408
104387
14643
43609
57031
30953
44124
52852
53896
27326
46553
43224
35511
90645
103096
74865
69339
55790
106211
90643
102697
34277
32882
111041
69970
66521
53553
54349
47431
98087
52283
39427
75116
86596
68398
109630
107106
73218
108391
92374
70296
105705
107344
107102
96570
80056
69130
99627
99704
95472
85961
92364
88109
41844
82030
86256
51017
76965
64489
39740
21226
68825
68383
68226
19416
53166
26952
24736
13277
19173
19172
67001
66722
24587
65415
41557
38863
21961
57112
12102
23837
14737
10392
56482
32008
15443
22374
21115
19509
16828
9605
17490
17358
17202
19351
11736
37270
10358
10466
8422
8415
9223
8961
34079
31306
29719
29079
29403
28007
17527
13894
27457
7856
21062
7673
24744
7545
24455
7407
21871
7971
22074
13605
21608
21863
7281
7138
7502
9144
16266
7092
15617
15290
6915
14195
6510
6355
6041
5445
5669
5074
3873
3782
3726
4289
3556
4311
8122
10380
7843
2762
9863
6942
9415
9264
8957
8871
8500
5981
8319
98
8054
1599
6365
6672
1167
6010
3766
3879
4304
4683
3911
4030
1140
3806
1256
1032
1038
3713
1588
1029
854
1176
1130
601
484
2290
2163
426
9