70216
89042
91899
106386
108127
112505
112152
98623
97676
104276
109676
105918
69866
107671
98866
103280
77462
101638
88486
93660
76778
93659
79281
51631
91993
88999
86863
73747
76483
66904
87422
80226
82086
83379
82837
83544
79725
70185
76926
73418
69999
70438
70283
69386
48973
52084
65793
57989
57725
58840
29094
47765
51368
49772
39028
43800
13448
13206
9174
15901
25635
26033
24362
7528
17624
9473
2385
93
4953
2013
2008
113772
103708
111028
113067
107759
111972
112422
112379
112311
112271
110159
112070
86266
88579
68891
84256
111778
88502
110553
111678
107228
108316
111016
110552
102950
101195
93133
110444
110183
%109504
106589
108950
108676
102840
89368
103265
69875
107585
98139
67150
74570
86012
97586
95802
103042
103010
86291
90120
90892
91948
92381
96331
93952
99985
87058
99779
95292
95024
69082
70489
68795
73806
71918
82774
83671
81325
73201
89094
96165
89351
98027
98101
88252
90041
82595
90758
83138
82676
83692
87507
69495
72025
96427
96749
68733
78686
66912
66222
68354
88121
90477
92657
89195
88499
88724
67788
67627
88866
88760
89493
65728
66148
84139
65797
81564
80897
84954
74690
76922
80128
72529
64518
78253
63617
72910
59616
60279
57959
67528
56654
53392
72107
72627
52117
66968
51872
58115
70035
48302
63456
67831
57246
53766
62133
45498
45369
65645
61832
53092
60953
65963
62454
58929
58205
48269
53475
41821
31509
61093
62094
60828
43207
53947
41568
53084
33841
33540
56890
31646
37641
55101
59273
35542
54620
24295
42014
56905
56437
56180
54287
55565
23324
27063
53085
46587
50701
50960
43922
26610
33778
29225
27413
37004
32403
25236
25972
52018
23359
51241
43664
48836
49669
23078
48916
48915
47822
21466
20412
48025
46848
37628
46850
46857
46841
20224
31931
38140
18759
18714
42273
18445
18952
42167
17338
41279
41257
41611
14910
14224
13509
12607
39856
21922
26967
34238
23181
17069
11370
9269
9953
9108
8712
8082
31064
10440
9980
27292
24938
26645
12145
24323
24002
20914
20716
18533
9585
6591
6113
11880
5566
5485
5316
5199
4648
2939
3174
7486
3045
10046
8336
10774
9890
9813
9764
9633
9696
294
5345
8795
8232
8334
1671
1497
1257
2772
3690
1104
1979
88875
100568
113621
113482
104193
106837
104044
113388
97287
113316
105294
113293
113261
90383
110856
95969
113089
93375
112814
113063
113027
111186
112217
105122
103787
112774
112651
111604
112571
112543
97272
70308
112242
112405
103902
82764
99280
86375
111357
111915
112021
112018
111044
111973
72237
71403
110850
103867
111937
108178
110629
110488
111862
111305
111474
103417
101858
109094
46669
87819
97785
97314
68181
90927
108860
111446
38411
26486
98798
99283
91136
94089
106408
111231
108612
85641
99314
77811
108504
110029
91097
93721
56785
105578
106328
68350
70560
109541
110244
108608
109573
104382
99100
103246
76425
109635
109595
107743
94950
107255
104136
108882
104376
108184
84794
92962
77295
76597
68180
66951
65647
64602
67031
66300
105269
104155
80654
97336
103255
103352
88551
96439
68377
92563
84855
83142
100656
83238
83140
83097
72952
80451
71844
100106
101025
70589
69290
89917
95945
99562
68179
75715
94150
86991
90973
98408
97980
94874
76172
97646
97020
89955
67274
94068
66132
95433
93034
81680
83253
77641
93974
92208
92016
65929
66615
81781
65740
84486
81823
83935
85133
85902
74111
83242
84929
63309
65091
64112
72427
65429
80504
82622
76061
80893
69171
72372
72089
62634
72817
70530
69014
61304
58577
57857
78287
76019
58609
65108
76044
67591
61638
76667
55057
54727
55496
55069
65436
54319
58319
57249
54265
54079
53653
53536
53454
53258
53297
52623
53045
70706
52893
52627
52130
43521
43381
52446
68159
52248
52186
51703
51629
51465
51497
64630
50620
39624
39029
45998
26457
48307
61697
64918
37490
47878
37241
47666
37090
47141
47119
47348
33639
34329
46209
62449
46208
62055
62644
62533
63682
62954
65202
66116
33279
45415
32986
32258
65334
47362
45006
29153
58457
62593
26438
53691
56669
55386
43492
54410
53356
56239
43280
43407
18225
50583
39696
39125
20621
50994
63699
41794
46499
56838
16017
62438
63834
53162
31705
52777
47191
48063
44321
56818
54553
28077
55079
60811
49551
54017
29489
40880
35186
32547
50759
47491
49305
34671
28579
53518
34383
42221
25491
29251
54288
28912
60915
47079
20820
50678
35767
35295
20941
31419
50172
30928
30505
39249
31853
29601
41250
40653
55653
24593
27027
47225
41534
10342
41565
37631
28869
33340
25547
31861
30744
53036
31388
49904
30570
49064
44002
43716
44018
41671
32903
46911
47273
41403
49927
46528
46852
25008
50164
48587
13957
46863
21305
27574
38280
40264
29556
19534
32307
20047
26974
42633
44974
17644
18217
44601
17088
14549
15019
13144
40393
12581
38273
11285
11148
10659
31950
10013
35940
9838
34677
8371
8012
8757
8916
32413
31517
28153
29591
29861
8024
28394
27352
19394
7708
7674
24594
22310
22951
20041
21018
19413
7036
16655
15729
14047
15505
15477
6935
6827
10101
6764
6461
6252
6150
11680
5935
5842
5818
5793
5735
5549
5348
5292
4794
4048
3707
4392
3168
2921
3315
11095
2768
10857
3486
1389
105611
113749
113793
113794
102311
113692
11763
23290
79860
111227
68392
76214
104562
111251
80124
104979
101411
95970
113473
99673
113255
113377
90221
48528
113045
113251
10974
86737
111213
109749
113197
113150
103506
106685
98732
97847
106694
112810
113073
49703
42696
68460
72083
95122
113044
110353
112896
43847
56245
112908
112805
89643
102436
91482
81486
74840
91651
64349
57677
72093
112738
104739
55433
110598
112687
83030
87417
85095
105686
89144
74814
112461
112437
65500
111135
88696
81980
112301
56804
111654
84714
111209
102897
112211
94307
90915
108551
112132
107193
58615
87826
48684
72573
109051
112060
67013
104011
17024
110263
94883
73406
111901
103100
76812
112003
111488
107011
111865
111870
111848
111729
110330
39412
32243
111775
46828
70668
95837
23845
111765
18337
111573
68131
76842
51309
24042
111252
111502
111606
61910
89907
74293
89051
103584
65414
32645
111370
109574
74809
110940
111350
111271
35197
76211
79443
70727
98237
51468
68722
102026
107744
105843
84123
93461
87791
110564
110167
109507
109923
104348
109669
110101
109912
64978
84894
66421
109900
107833
109619
88945
109612
109433
109320
107745
93336
107740
108714
104771
104424
74344
108708
100975
95435
108706
76269
108020
92123
94238
93032
106156
107822
107825
103065
88438
106692
88520
89190
100566
68018
71689
99864
92820
95442
93067
67089
99842
92452
68713
82160
92907
89309
10425
95013
86440
66600
60351
69614
80777
13251
87388
65284
68888
76287
52757
64562
62026
61081
44431
47017
68412
78970
47851
47460
64991
61884
61159
79427
52002
68359
58233
58559
71147
73088
79433
70081
74789
61840
77413
69470
57043
45384
67264
54130
55255
74470
73058
24983
70126
44878
13873
44621
44449
61042
52419
43483
43131
68604
42715
54429
42293
42335
51355
71275
38715
39061
49021
33936
66873
64863
14476
31320
47415
36447
46978
47955
44204
10906
50110
33756
32816
31303
31182
31022
29830
52011
59368
40651
34421
36596
66656
44419
25641
55244
22721
46958
50858
54407
42665
24558
44493
42735
42212
63036
26185
33832
38609
61989
30710
13346
56359
43611
54624
34347
35108
44450
35857
11909
12884
13236
43441
30611
10935
11969
24343
24308
23087
16839
34097
10435
10688
10450
57931
16471
13155
49943
44070
44985
33625
53185
28067
23163
44336
10318
50271
50272
47762
50205
21224
15536
34071
32132
19664
14788
17195
44746
10165
10143
9963
9940
9716
9660
9634
44366
13178
13120
42199
15436
9545
12882
39324
21960
12069
11920
14259
19993
20939
12566
35488
37128
9891
9880
8134
8463
9290
8176
8865
8053
32420
31407
11238
29947
29950
7996
28853
23081
28531
28471
22008
18029
24193
24751
26596
7824
7821
25881
25837
24991
7650
7536
9827
24164
23355
13759
11524
20849
22648
7936
20972
7440
21020
19176
14717
18278
14111
16501
15928
6959
14771
6896
13001
14792
8088
12477
6661
6602
6486
6560
6421
6464
6418
6741
6288
6329
6250
6217
6233
6091
6027
5947
5917
5860
5794
5715
11935
5621
5553
5420
5390
5306
5263
5189
5100
5087
5083
4592
4466
3886
4065
3928
3822
3774
3923
4163
4269
4345
3246
4426
4459
4452
11334
3108
2885
10891
2765
10695
10581
2647
7815
5985
320
314
3443
324
230
3001
162
8205
6766
117
8357
7350
108
85
7887
7819
1447
7668
1318
7429
7330
7273
1384
6823
1382
6368
5646
6300
6213
6025
3736
5317
4115
1252
4026
4388
4926
4581
4542
2690
2468
319
4863
4839
4600
1084
1057
1020
866
4072
947
3647
3896
3677
949
1533
2795
3444
841
844
3385
1426
3369
1700
765
731
761
1178
752
687
692
2367
624
580
1312
608
564
2944
2943
1331
714
513
495
796
472
451
431
2353
2463
444
661
2046
2010
2009
2007
2006
2005
2004
2003
2002
2001
2000
1999
391
1998
1997
1590
1996
1995
1994
1993
1992
1991
1990
1989
1988
1987
1986
1985
1984
1983
1982
1981
1980
1978
1846
1842
382
1777
371
154
239
19
8
47714
36406
33531
86586
54826
53024
45127
58664
94489
10781
71896
93393
56920
103002
36445
44995
50161
106686
105464
98028
104370
93741
103916
86575
110623
81315
10878
113258
81894
113169
112827
104694
10970
100211
90531
112727
113215
91145
54708
113070
85963
98389
36841
13891
84886
91832
103576
101236
96561
55123
98672
97660
47867
44055
112831
14706
67501
81795
53966
112628
80843
13450
73435
110619
50818
38734
99846
112660
88052
87501
84153
109370
21485
67651
91041
66812
81668
112549
42405
112460
62393
32929
93757
16365
112488
107373
75399
87963
50355
107005
76050
108313
103522
112089
93234
74990
24735
34149
53355
31034
23701
60885
80978
72119
51693
60233
112086
89072
65847
64188
105058
63890
111125
19906
66796
111719
90510
92480
104634
57582
52711
63774
57047
111006
109781
112000
91166
103827
110692
43369
105851
111266
111894
111925
101616
103051
111297
18994
111846
111820
108767
111114
52630
24580
20389
111764
111468
111785
79486
111456
99565
57089
110817
39747
77218
45741
72892
101294
52312
89126
111615
111641
70097
41061
23034
43465
45115
66686
51907
94453
10726
55528
54801
36289
80381
109688
45974
66662
44340
109579
111087
51225
49117
72407
97458
95477
74718
109057
97947
108662
110268
109819
95720
94191
97667
102589
73122
109263
109212
109141
106344
108899
102079
93010
107524
66753
88733
69139
68313
81907
101394
99903
31630
93816
24196
92325
81591
95894
11022
94272
13050
92102
91918
91458
86995
87689
83593
11053
72731
84876
47186
69602
12328
81932
69278
66475
76880
76314
37523
75153
41736
74866
63953
71071
74571
70865
47840
68234
21915
10632
24607
67200
66813
64072
42988
44267
43732
63755
44209
62646
24944
43439
42999
44890
49352
47759
49747
10093
9504
9438
9352
9188
37816
8643
8491
17422
13313
12658
9390
9355
11925
37002
36898
9921
35595
11614
8539
30683
24051
18486
7960
7884
7874
28903
28472
23143
26734
25019
7736
7649
7617
7489
24375
7444
22703
7379
7274
13435
7264
17684
18164
17851
10384
14068
7194
6977
7472
6856
6853
6828
6779
6462
6506
6549
6105
5747
5740
5734
5673
5573
5239
5223
4754
4691
4533
3739
4040
3708
3667
4171
3114
3050
3194
3157
2891
2656
7973
120
4150
5307
1534
113825
113797
113787
58430
52781
73500
11540
85489
105219
100631
105928
10650
75514
82047
43328
11542
102154
101061
113018
112958
10975
11264
113291
57271
111541
113171
64074
24922
60298
113137
108785
85779
55694
16975
84851
109102
112350
113031
82593
83217
86638
14114
92598
87334
96678
95233
65155
18675
56014
58147
13536
88036
86731
112459
111489
80846
111703
111432
96382
109738
84147
102628
60225
44428
74863
76743
101357
111153
57443
61751
84118
28090
45733
53556
55318
57072
34622
49538
112075
43675
17220
70912
52168
70183
49782
54676
77279
96473
43438
111748
111814
106484
110119
69608
110882
110205
67800
34640
111579
41209
92991
22431
96574
106250
100793
95305
111711
88221
66200
41899
81725
71722
86542
47205
66136
86994
16089
51769
31704
15651
61782
60965
87566
87715
55337
29920
66582
74038
111129
111112
89534
97887
111037
110936
94951
70525
105660
107444
109800
101611
97386
109422
104916
92374
95548
96234
94779
73683
53620
87833
71432
78879
55418
64489
70763
55427
19958
51962
52516
19100
45324
18930
12235
33561
9068
13993
18016
8026
28007
28397
27875
26602
26272
24455
23173
21170
20945
7260
16026
6446
6442
12511
6037
5445
5108
4609
4472
3873
3743
3312
8783
9863
2297
326
9698
9359
8853
8831
8536
127
8348
8054
8014
7589
7400
6987
6532
5653
6375
4555
6010
5448
5451
5388
5331
2841
5033
4181
2756
4957
4921
1120
867
4362
4359
4253
4216
3665
3772
2355
985
880
2632
3545
3505
3477
3458
3462
3445
3455
3394
1695
1693
836
3294
3257
1468
675
672
660
676
2516
3042
819
665
502
1152
718
446
1175
2012
2011
395
379
375
